# En        Pf1        Pf2        Pf3        Pf4        TKE1       TKE2       TKE3       TKE4       Exf1       Exf2       Exf3       Exf4       Epre1      Epre2      Epre3      Epre4
 0.0000e+00 1.0000e+00     0.0000     0.0000     0.0000 1.7050e+02     0.0000     0.0000     0.0000 6.4765e+00     0.0000     0.0000     0.0000 0.0000e+00     0.0000     0.0000     0.0000
 5.0000e-01 1.0000e+00     0.0000     0.0000     0.0000 1.7093e+02     0.0000     0.0000     0.0000 6.9765e+00     0.0000     0.0000     0.0000 0.0000e+00     0.0000     0.0000     0.0000
 1.0000e+00 1.0000e+00 8.5096e-36     0.0000     0.0000 1.7093e+02 1.7020e+02     0.0000     0.0000 7.4405e+00 0.0000e+00     0.0000     0.0000 0.0000e+00 0.0000e+00     0.0000     0.0000
 1.5000e+00 1.0000e+00 2.1605e-32     0.0000     0.0000 1.7084e+02 1.7020e+02     0.0000     0.0000 7.9041e+00 0.0000e+00     0.0000     0.0000 0.0000e+00 7.4952e-01     0.0000     0.0000
 2.0000e+00 1.0000e+00 9.9797e-29     0.0000     0.0000 1.7075e+02 1.7020e+02     0.0000     0.0000 8.3744e+00 0.0000e+00     0.0000     0.0000 0.0000e+00 3.5618e-01     0.0000     0.0000
 2.5000e+00 1.0000e+00 9.2632e-25     0.0000     0.0000 1.7066e+02 1.7020e+02     0.0000     0.0000 8.8399e+00 0.0000e+00     0.0000     0.0000 0.0000e+00 1.6706e+00     0.0000     0.0000
 3.0000e+00 1.0000e+00 8.0608e-21     0.0000     0.0000 1.7057e+02 1.7020e+02     0.0000     0.0000 9.3607e+00 0.0000e+00     0.0000     0.0000 0.0000e+00 2.0646e+00     0.0000     0.0000
 3.5000e+00 1.0000e+00 8.2666e-17     0.0000     0.0000 1.7048e+02 1.7020e+02     0.0000     0.0000 9.8847e+00 0.0000e+00     0.0000     0.0000 0.0000e+00 2.2492e+00     0.0000     0.0000
 4.0000e+00 1.0000e+00 8.7999e-13     0.0000     0.0000 1.7039e+02 1.7020e+02     0.0000     0.0000 1.0401e+01 0.0000e+00     0.0000     0.0000 0.0000e+00 2.2451e+00     0.0000     0.0000
 4.5000e+00 1.0000e+00 6.9882e-09     0.0000     0.0000 1.7030e+02 1.7020e+02     0.0000     0.0000 1.0913e+01 4.3857e+00     0.0000     0.0000 0.0000e+00 2.2076e+00     0.0000     0.0000
 5.0000e+00 9.9998e-01 1.7234e-05     0.0000     0.0000 1.7021e+02 1.7020e+02     0.0000     0.0000 1.1420e+01 4.8360e+00     0.0000     0.0000 0.0000e+00 1.9539e-01     0.0000     0.0000
 5.5000e+00 9.8543e-01 1.4570e-02     0.0000     0.0000 1.7012e+02 1.7019e+02     0.0000     0.0000 1.1926e+01 5.3184e+00     0.0000     0.0000 0.0000e+00 1.4603e-01     0.0000     0.0000
 6.0000e+00 5.5048e-01 4.4952e-01     0.0000     0.0000 1.7003e+02 1.7012e+02     0.0000     0.0000 1.2430e+01 5.7120e+00     0.0000     0.0000 0.0000e+00 2.6107e-01     0.0000     0.0000
 6.5000e+00 2.6476e-01 7.3524e-01     0.0000     0.0000 1.6994e+02 1.7006e+02     0.0000     0.0000 1.2933e+01 6.0111e+00     0.0000     0.0000 0.0000e+00 4.6095e-01     0.0000     0.0000
 7.0000e+00 2.0284e-01 7.9716e-01 1.9700e-16     0.0000 1.6985e+02 1.7000e+02 1.6880e+02     0.0000 1.3434e+01 6.2743e+00 0.0000e+00     0.0000 0.0000e+00 6.9446e-01 3.0555e-01     0.0000
 7.5000e+00 1.9620e-01 8.0380e-01 9.4600e-15     0.0000 1.6976e+02 1.6995e+02 1.6880e+02     0.0000 1.3935e+01 6.5429e+00 0.0000e+00     0.0000 0.0000e+00 9.1710e-01 8.0512e-01     0.0000
 8.0000e+00 2.0696e-01 7.9304e-01 1.9236e-13     0.0000 1.6967e+02 1.6988e+02 1.6880e+02     0.0000 1.4435e+01 6.8762e+00 0.0000e+00     0.0000 0.0000e+00 1.0668e+00 1.3057e+00     0.0000
 8.5000e+00 2.2179e-01 7.7821e-01 9.7549e-12     0.0000 1.6958e+02 1.6980e+02 1.6880e+02     0.0000 1.4934e+01 7.2748e+00 0.0000e+00     0.0000 0.0000e+00 1.1385e+00 1.8003e+00     0.0000
 9.0000e+00 2.2759e-01 7.7241e-01 9.8695e-10     0.0000 1.6949e+02 1.6972e+02 1.6880e+02     0.0000 1.5433e+01 7.7090e+00 3.3784e+00     0.0000 0.0000e+00 1.1638e+00 2.1880e+00     0.0000
 9.5000e+00 2.3459e-01 7.6541e-01 1.1238e-07     0.0000 1.6940e+02 1.6963e+02 1.6880e+02     0.0000 1.5932e+01 8.1567e+00 3.7976e+00     0.0000 0.0000e+00 1.1709e+00 2.3979e+00     0.0000
 1.0000e+01 2.3802e-01 7.6196e-01 1.3360e-05     0.0000 1.6931e+02 1.6954e+02 1.6880e+02     0.0000 1.6430e+01 8.6115e+00 4.2899e+00     0.0000 0.0000e+00 1.1738e+00 5.3704e-01     0.0000
 1.0500e+01 2.3900e-01 7.5986e-01 1.1379e-03     0.0000 1.6922e+02 1.6945e+02 1.6880e+02     0.0000 1.6929e+01 9.0690e+00 4.7514e+00     0.0000 0.0000e+00 1.1799e+00 4.0521e-01     0.0000
 1.1000e+01 2.3223e-01 7.3828e-01 2.9487e-02     0.0000 1.6913e+02 1.6935e+02 1.6880e+02     0.0000 1.7427e+01 9.5250e+00 5.1186e+00     0.0000 0.0000e+00 1.1913e+00 5.3608e-01     0.0000
 1.1500e+01 2.0092e-01 6.4077e-01 1.5831e-01     0.0000 1.6904e+02 1.6926e+02 1.6880e+02     0.0000 1.7926e+01 9.9770e+00 5.3832e+00     0.0000 0.0000e+00 1.2075e+00 7.7126e-01     0.0000
 1.2000e+01 1.5844e-01 5.0561e-01 3.3595e-01     0.0000 1.6895e+02 1.6917e+02 1.6880e+02     0.0000 1.8424e+01 1.0443e+01 5.6094e+00     0.0000 0.0000e+00 1.2261e+00 1.0434e+00     0.0000
 1.2500e+01 1.2921e-01 4.1419e-01 4.5660e-01     0.0000 1.6886e+02 1.6908e+02 1.6880e+02     0.0000 1.8922e+01 1.0884e+01 5.8786e+00     0.0000 0.0000e+00 1.2484e+00 1.2710e+00     0.0000
 1.3000e+01 1.0559e-01 3.3865e-01 5.5577e-01 1.0271e-15 1.6877e+02 1.6900e+02 1.6880e+02 1.6880e+02 1.9420e+01 1.1315e+01 6.1165e+00 0.0000e+00 0.0000e+00 1.2749e+00 1.5279e+00 2.1090e-01
 1.3500e+01 9.3064e-02 2.9680e-01 6.1013e-01 5.6856e-12 1.6868e+02 1.6891e+02 1.6878e+02 1.6880e+02 1.9918e+01 1.1735e+01 6.3523e+00 0.0000e+00 0.0000e+00 1.3051e+00 1.7837e+00 6.0422e-01
 1.4000e+01 8.8485e-02 2.7875e-01 6.3276e-01 8.1193e-11 1.6859e+02 1.6883e+02 1.6876e+02 1.6880e+02 2.0416e+01 1.2147e+01 6.5833e+00 0.0000e+00 0.0000e+00 1.3366e+00 2.0398e+00 1.1054e+00
 1.4500e+01 8.9198e-02 2.7641e-01 6.3439e-01 3.5533e-10 1.6850e+02 1.6875e+02 1.6874e+02 1.6880e+02 2.0914e+01 1.2552e+01 6.8209e+00 0.0000e+00 0.0000e+00 1.3666e+00 2.2828e+00 1.6070e+00
 1.5000e+01 9.3329e-02 2.8393e-01 6.2275e-01 1.0063e-09 1.6841e+02 1.6867e+02 1.6869e+02 1.6880e+02 2.1412e+01 1.2953e+01 7.0805e+00 2.4420e+00 0.0000e+00 1.3932e+00 2.4948e+00 2.1048e+00
 1.5500e+01 9.9207e-02 2.9631e-01 6.0449e-01 2.4209e-09 1.6832e+02 1.6859e+02 1.6864e+02 1.6880e+02 2.1910e+01 1.3352e+01 7.3783e+00 2.6978e+00 0.0000e+00 1.4161e+00 2.6572e+00 2.5981e+00
 1.6000e+01 1.0512e-01 3.0994e-01 5.8494e-01 1.6329e-08 1.6823e+02 1.6851e+02 1.6857e+02 1.6880e+02 2.2408e+01 1.3732e+01 7.7230e+00 3.1485e+00 0.0000e+00 1.4363e+00 2.7576e+00 3.0837e+00
 1.6500e+01 1.1048e-01 3.2080e-01 5.6872e-01 6.6712e-07 1.6814e+02 1.6843e+02 1.6849e+02 1.6880e+02 2.2906e+01 1.4124e+01 8.1170e+00 3.6350e+00 0.0000e+00 1.4544e+00 2.7983e+00 3.5538e+00
 1.7000e+01 1.1458e-01 3.2811e-01 5.5729e-01 2.5059e-05 1.6805e+02 1.6836e+02 1.6840e+02 1.6880e+02 2.3404e+01 1.4513e+01 8.5481e+00 4.0651e+00 0.0000e+00 1.4713e+00 2.7963e+00 3.9076e+00
 1.7500e+01 1.1728e-01 3.3191e-01 5.5036e-01 4.5234e-04 1.6796e+02 1.6828e+02 1.6831e+02 1.6880e+02 2.3902e+01 1.4897e+01 8.9992e+00 4.4218e+00 0.0000e+00 1.4875e+00 2.7752e+00 2.9918e+00
 1.8000e+01 1.1856e-01 3.3190e-01 5.4567e-01 3.8700e-03 1.6787e+02 1.6820e+02 1.6821e+02 1.6880e+02 2.4400e+01 1.5279e+01 9.4561e+00 4.7296e+00 0.0000e+00 1.5031e+00 2.7540e+00 1.5278e+00
 1.8500e+01 1.1776e-01 3.2642e-01 5.3776e-01 1.8064e-02 1.6778e+02 1.6813e+02 1.6811e+02 1.6880e+02 2.4898e+01 1.5658e+01 9.9092e+00 4.9918e+00 0.0000e+00 1.5184e+00 2.7429e+00 1.3821e+00
 1.9000e+01 1.1389e-01 3.1308e-01 5.1991e-01 5.3119e-02 1.6769e+02 1.6805e+02 1.6802e+02 1.6880e+02 2.5396e+01 1.6032e+01 1.0351e+01 5.2163e+00 0.0000e+00 1.5334e+00 2.7460e+00 1.5876e+00
 1.9500e+01 1.0696e-01 2.9173e-01 4.8938e-01 1.1193e-01 1.6761e+02 1.6798e+02 1.6792e+02 1.6878e+02 2.5894e+01 1.6406e+01 1.0780e+01 5.4208e+00 0.0000e+00 1.5482e+00 2.7642e+00 1.8656e+00
 2.0000e+01 9.8165e-02 2.6589e-01 4.4983e-01 1.8612e-01 1.6752e+02 1.6790e+02 1.6783e+02 1.6877e+02 2.6392e+01 1.6777e+01 1.1192e+01 5.6210e+00 0.0000e+00 1.5629e+00 2.7965e+00 2.1588e+00
 2.1000e+01 8.0571e-02 2.1613e-01 3.6727e-01 3.3602e-01 1.6734e+02 1.6777e+02 1.6767e+02 1.6871e+02 2.7321e+01 1.7461e+01 1.1955e+01 6.0241e+00 0.0000e+00 1.5911e+00 2.8917e+00 2.7353e+00
 2.2000e+01 6.9572e-02 1.8466e-01 3.0854e-01 4.3723e-01 1.6716e+02 1.6762e+02 1.6750e+02 1.6861e+02 2.8317e+01 1.8192e+01 1.2686e+01 6.5207e+00 0.0000e+00 1.6196e+00 3.0023e+00 3.2163e+00
 2.3000e+01 6.3148e-02 1.6601e-01 2.6959e-01 5.0125e-01 1.6698e+02 1.6747e+02 1.6735e+02 1.6849e+02 2.9313e+01 1.8922e+01 1.3394e+01 7.1000e+00 0.0000e+00 1.6476e+00 3.1027e+00 3.5881e+00
 2.4000e+01 5.9345e-02 1.5359e-01 2.4367e-01 5.4340e-01 1.6680e+02 1.6731e+02 1.6720e+02 1.6835e+02 3.0308e+01 1.9752e+01 1.4085e+01 7.7636e+00 0.0000e+00 1.6752e+00 3.1848e+00 3.8521e+00
 2.5000e+01 5.6800e-02 1.4596e-01 2.2500e-01 5.7224e-01 1.6662e+02 1.6716e+02 1.6705e+02 1.6819e+02 3.1304e+01 2.0478e+01 1.4769e+01 8.5013e+00 0.0000e+00 1.7024e+00 3.2520e+00 4.0366e+00
 2.6000e+01 5.4962e-02 1.4033e-01 2.1103e-01 5.9368e-01 1.6644e+02 1.6702e+02 1.6690e+02 1.6802e+02 3.2300e+01 2.1202e+01 1.5443e+01 9.2935e+00 0.0000e+00 1.7291e+00 3.3100e+00 4.1784e+00
 2.7000e+01 5.3528e-02 1.3584e-01 2.0003e-01 6.1060e-01 1.6626e+02 1.6687e+02 1.6675e+02 1.6784e+02 3.3296e+01 2.1927e+01 1.6112e+01 1.0119e+01 0.0000e+00 1.7555e+00 3.3632e+00 4.3033e+00
 2.8000e+01 5.2340e-02 1.3204e-01 1.9103e-01 6.2458e-01 1.6608e+02 1.6673e+02 1.6660e+02 1.6766e+02 3.4291e+01 2.2655e+01 1.6775e+01 1.0959e+01 0.0000e+00 1.7815e+00 3.4140e+00 4.4223e+00
 2.9000e+01 5.1298e-02 1.2876e-01 1.8350e-01 6.3644e-01 1.6590e+02 1.6658e+02 1.6646e+02 1.6747e+02 3.5287e+01 2.3380e+01 1.7431e+01 1.1803e+01 0.0000e+00 1.8071e+00 3.4636e+00 4.5376e+00
 3.0000e+01 5.0369e-02 1.2578e-01 1.7697e-01 6.4689e-01 1.6572e+02 1.6644e+02 1.6632e+02 1.6728e+02 3.6283e+01 2.4109e+01 1.8083e+01 1.2645e+01 0.0000e+00 1.8324e+00 3.5126e+00 4.6484e+00
